0.105 0.043 -1
0.859 0.399 0.385
0.112 0.022 -1
0.916 0.211 0.385
0.114 0 -1
0.936 0.016 0.385
0.112 -0.023 -1
0.916 -0.179 0.385
0.105 -0.044 -1
0.859 -0.366 0.385
0.095 -0.064 -1
0.770 -0.569 0.359
0.080 -0.081 -1
0.706 -0.708 0.178
0.063 -0.095 -1
0.555 -0.832 0.178
0.043 -0.105 -1
0.382 -0.924 0.178
0.022 -0.112 -1
0.194 -0.981 0.178
0 -0.114 -1
0.080 -0.992 0.991
-0.022 -0.112 -1
-0.196 -0.981 0.169
-0.044 -0.105 -1
-0.383 -0.924 0.169
-0.063 -0.095 -1
-0.555 -0.832 0.169
-0.080 -0.081 -1
-0.707 -0.708 0.169
-0.094 -0.064 -1
-0.831 -0.556 0.169
-0.105 -0.044 -1
-0.924 -0.383 0.169
-0.112 -0.023 -1
-0.981 -0.196 0.169
-0.114 -0.001 -1
-1 -0.001 0.169
-0.112 0.022 -1
-0.981 0.194 0.169
-0.105 0.043 -1
-0.924 0.382 0.169
-0.095 0.063 -1
-0.832 0.555 0.169
-0.081 0.080 -1
-0.708 0.706 0.178
-0.064 0.094 -1
-0.557 0.831 0.178
-0.044 0.105 -1
-0.384 0.923 0.178
-0.023 0.112 -1
-0.197 0.980 0.178
-0 0.114 -1
0.082 1.006 0.997
0.022 0.112 -1
0.199 0.988 0.169
0.044 0.105 -1
0.383 0.924 0.169
0.063 0.095 -1
0.556 0.831 0.169
0.081 0.081 -1
0.707 0.707 0.169
0.095 0.063 -1
0.767 0.572 0.385